10.204
9.590
9.764
9.746
8.224
8.444
10.404
8.471
8.873
10.078
9.071
10.804
10.769
10.475
8.631
7.674
9.702
8.493
10.741
9.452
7.512
9.132
9.075
11.917
10.040
11.361
8.572
8.968
9.695
11.846
8.616
9.385
11.019
8.762
10.406
10.732
10.460
9.340
10.213
10.823
9.341
9.183
10.326
11.019
11.105
7.134
7.943
10.083
10.784
8.859
12.096
9.223
8.321
6.017
10.448
8.916
9.541
10.710
9.794
9.395
8.099
8.237
9.345
9.345
9.791
7.002
7.531
9.907
8.246
8.344
8.713
8.606
8.084
7.981
7.607
8.620
8.313
8.168
8.258
7.339
6.820
6.672
10.439
9.003
9.849
10.405
8.761
9.353
10.101
9.592
8.227
8.305
9.014
9.637
7.721
7.228
9.787
10.446
9.474
8.667
7.470
8.650
9.506
11.102
10.066
7.452
11.636
10.793
10.409
8.118
9.322
8.168
9.902
9.175
10.484
7.753
9.106
10.159
10.617
9.106
9.913
10.137
9.507
12.350
10.710
9.213
10.025
9.680
10.103
10.392
7.526
8.901
9.652
10.174
8.683
12.010
8.804
9.270
10.945
11.212
9.952
10.016